(19, 4, 0) (18, 5, 1)
0
F 151
6 0
6 1
29 2
23 1
0 2
18 4
17 3
5 5
6 5
6 6
17 6
18 6
23 7
13 10
26 8
26 9
27 8
27 10
2 11
3 11
4 11
19 10
20 11
22 12
5 11
7 11
2 13
9 14
10 14
27 14
12 15
12 16
12 17
13 15
14 15
14 17
16 16
28 16
28 17
28 18
6 20
6 21
1 22
4 22
19 23
24 23
14 23
15 23
16 23
10 24
12 24
13 24
26 24
2 25
4 25
6 26
26 29
28 0
28 1
21 1
20 2
20 4
22 1
22 4
19 4
18 5
1 5
15 5
16 3
2 7
10 5
10 6
9 7
11 7
12 8
2 6
3 7
18 9
19 7
12 9
14 8
14 9
18 10
21 7
20 6
23 9
28 8
4 8
4 10
4 9
5 10
23 10
23 11
5 12
4 13
5 13
5 14
7 12
2 15
3 13
8 14
10 15
10 16
27 16
21 15
22 15
17 16
18 16
19 18
20 18
27 18
19 19
24 19
25 19
24 20
26 19
4 19
21 20
21 21
20 21
19 20
19 22
20 23
21 23
22 23
22 24
24 21
24 22
25 23
14 24
8 24
7 25
9 24
10 26
11 27
12 26
12 27
26 25
26 26
25 26
26 27
27 24
28 24
29 24
1 26
16 26
17 26
26 28
21 4
16 1
9 4
8 5
5 8
6 14
2 16
1 17
24 14
23 14
1 18
4 18
8 2
8 3
