20
-849799190 113289330
-592964149 445073814
-566128715 724094028
-471621209 936834224
-452958294 998031460
-450344649 210310759
-290099585 910694601
-218569997 992098463
-192791697 535320638
87474195 738869695
95236402 760768925
261336332 585854901
269026105 359006766
304232647 22022187
686405761 30810826
688588153 868973503
785289364 87438419
796675523 843134123
923010540 542159440
940522293 30629981
190
-849799190 -592964149
-849799190 -566128715
-849799190 -471621209
-849799190 -452958294
-849799190 -450344649
-849799190 -290099585
-849799190 -218569997
-849799190 -192791697
-849799190 87474195
-849799190 95236402
-849799190 261336332
-849799190 269026105
-849799190 304232647
-849799190 686405761
-849799190 688588153
-849799190 785289364
-849799190 796675523
-849799190 923010540
-849799190 940522293
-592964149 -566128715
-592964149 -471621209
-592964149 -452958294
-592964149 -450344649
-592964149 -290099585
-592964149 -218569997
-592964149 -192791697
-592964149 87474195
-592964149 95236402
-592964149 261336332
-592964149 269026105
-592964149 304232647
-592964149 686405761
-592964149 688588153
-592964149 785289364
-592964149 796675523
-592964149 923010540
-592964149 940522293
-566128715 -471621209
-566128715 -452958294
-566128715 -450344649
-566128715 -290099585
-566128715 -218569997
-566128715 -192791697
-566128715 87474195
-566128715 95236402
-566128715 261336332
-566128715 269026105
-566128715 304232647
-566128715 686405761
-566128715 688588153
-566128715 785289364
-566128715 796675523
-566128715 923010540
-566128715 940522293
-471621209 -452958294
-471621209 -450344649
-471621209 -290099585
-471621209 -218569997
-471621209 -192791697
-471621209 87474195
-471621209 95236402
-471621209 261336332
-471621209 269026105
-471621209 304232647
-471621209 686405761
-471621209 688588153
-471621209 785289364
-471621209 796675523
-471621209 923010540
-471621209 940522293
-452958294 -450344649
-452958294 -290099585
-452958294 -218569997
-452958294 -192791697
-452958294 87474195
-452958294 95236402
-452958294 261336332
-452958294 269026105
-452958294 304232647
-452958294 686405761
-452958294 688588153
-452958294 785289364
-452958294 796675523
-452958294 923010540
-452958294 940522293
-450344649 -290099585
-450344649 -218569997
-450344649 -192791697
-450344649 87474195
-450344649 95236402
-450344649 261336332
-450344649 269026105
-450344649 304232647
-450344649 686405761
-450344649 688588153
-450344649 785289364
-450344649 796675523
-450344649 923010540
-450344649 940522293
-290099585 -218569997
-290099585 -192791697
-290099585 87474195
-290099585 95236402
-290099585 261336332
-290099585 269026105
-290099585 304232647
-290099585 686405761
-290099585 688588153
-290099585 785289364
-290099585 796675523
-290099585 923010540
-290099585 940522293
-218569997 -192791697
-218569997 87474195
-218569997 95236402
-218569997 261336332
-218569997 269026105
-218569997 304232647
-218569997 686405761
-218569997 688588153
-218569997 785289364
-218569997 796675523
-218569997 923010540
-218569997 940522293
-192791697 87474195
-192791697 95236402
-192791697 261336332
-192791697 269026105
-192791697 304232647
-192791697 686405761
-192791697 688588153
-192791697 785289364
-192791697 796675523
-192791697 923010540
-192791697 940522293
87474195 95236402
87474195 261336332
87474195 269026105
87474195 304232647
87474195 686405761
87474195 688588153
87474195 785289364
87474195 796675523
87474195 923010540
87474195 940522293
95236402 261336332
95236402 269026105
95236402 304232647
95236402 686405761
95236402 688588153
95236402 785289364
95236402 796675523
95236402 923010540
95236402 940522293
261336332 269026105
261336332 304232647
261336332 686405761
261336332 688588153
261336332 785289364
261336332 796675523
261336332 923010540
261336332 940522293
269026105 304232647
269026105 686405761
269026105 688588153
269026105 785289364
269026105 796675523
269026105 923010540
269026105 940522293
304232647 686405761
304232647 688588153
304232647 785289364
304232647 796675523
304232647 923010540
304232647 940522293
686405761 688588153
686405761 785289364
686405761 796675523
686405761 923010540
686405761 940522293
688588153 785289364
688588153 796675523
688588153 923010540
688588153 940522293
785289364 796675523
785289364 923010540
785289364 940522293
796675523 923010540
796675523 940522293
923010540 940522293

0
0
