50
-918329299 332898646
-908866450 483917214
-878470198 275912647
-767495083 425835080
-674553681 534924537
-671525124 51444811
-643584335 529137735
-632091857 469919836
-628446798 661199330
-623898124 500406755
-569522034 971408300
-530772804 314376930
-516786882 767472985
-493390233 967484755
-462696998 787883112
-428963100 502829309
-422754805 736128754
-412108253 648471444
-408994013 538860200
-378058817 584286961
-338135102 536209031
-313082370 102459029
-295116600 398975246
-183343428 411870620
-139902020 544768023
-73258143 302529497
-68194612 481775166
-787635 280474151
18155873 991560423
78205517 375672122
129995399 84677247
256818365 189782341
364507409 112640926
367346261 235464170
461346037 848906397
511811624 869568273
608380668 461560647
691661180 669079324
696124702 428434150
711119618 507429730
712257757 283981902
748189669 810687014
781965806 691332121
804937557 223309084
807270265 505616107
839034809 792826330
880470083 366185118
918502848 172824742
944965226 999119857
958107808 22066425
1225
-918329299 -908866450
-918329299 -878470198
-918329299 -767495083
-918329299 -674553681
-918329299 -671525124
-918329299 -643584335
-918329299 -632091857
-918329299 -628446798
-918329299 -623898124
-918329299 -569522034
-918329299 -530772804
-918329299 -516786882
-918329299 -493390233
-918329299 -462696998
-918329299 -428963100
-918329299 -422754805
-918329299 -412108253
-918329299 -408994013
-918329299 -378058817
-918329299 -338135102
-918329299 -313082370
-918329299 -295116600
-918329299 -183343428
-918329299 -139902020
-918329299 -73258143
-918329299 -68194612
-918329299 -787635
-918329299 18155873
-918329299 78205517
-918329299 129995399
-918329299 256818365
-918329299 364507409
-918329299 367346261
-918329299 461346037
-918329299 511811624
-918329299 608380668
-918329299 691661180
-918329299 696124702
-918329299 711119618
-918329299 712257757
-918329299 748189669
-918329299 781965806
-918329299 804937557
-918329299 807270265
-918329299 839034809
-918329299 880470083
-918329299 918502848
-918329299 944965226
-918329299 958107808
-908866450 -878470198
-908866450 -767495083
-908866450 -674553681
-908866450 -671525124
-908866450 -643584335
-908866450 -632091857
-908866450 -628446798
-908866450 -623898124
-908866450 -569522034
-908866450 -530772804
-908866450 -516786882
-908866450 -493390233
-908866450 -462696998
-908866450 -428963100
-908866450 -422754805
-908866450 -412108253
-908866450 -408994013
-908866450 -378058817
-908866450 -338135102
-908866450 -313082370
-908866450 -295116600
-908866450 -183343428
-908866450 -139902020
-908866450 -73258143
-908866450 -68194612
-908866450 -787635
-908866450 18155873
-908866450 78205517
-908866450 129995399
-908866450 256818365
-908866450 364507409
-908866450 367346261
-908866450 461346037
-908866450 511811624
-908866450 608380668
-908866450 691661180
-908866450 696124702
-908866450 711119618
-908866450 712257757
-908866450 748189669
-908866450 781965806
-908866450 804937557
-908866450 807270265
-908866450 839034809
-908866450 880470083
-908866450 918502848
-908866450 944965226
-908866450 958107808
-878470198 -767495083
-878470198 -674553681
-878470198 -671525124
-878470198 -643584335
-878470198 -632091857
-878470198 -628446798
-878470198 -623898124
-878470198 -569522034
-878470198 -530772804
-878470198 -516786882
-878470198 -493390233
-878470198 -462696998
-878470198 -428963100
-878470198 -422754805
-878470198 -412108253
-878470198 -408994013
-878470198 -378058817
-878470198 -338135102
-878470198 -313082370
-878470198 -295116600
-878470198 -183343428
-878470198 -139902020
-878470198 -73258143
-878470198 -68194612
-878470198 -787635
-878470198 18155873
-878470198 78205517
-878470198 129995399
-878470198 256818365
-878470198 364507409
-878470198 367346261
-878470198 461346037
-878470198 511811624
-878470198 608380668
-878470198 691661180
-878470198 696124702
-878470198 711119618
-878470198 712257757
-878470198 748189669
-878470198 781965806
-878470198 804937557
-878470198 807270265
-878470198 839034809
-878470198 880470083
-878470198 918502848
-878470198 944965226
-878470198 958107808
-767495083 -674553681
-767495083 -671525124
-767495083 -643584335
-767495083 -632091857
-767495083 -628446798
-767495083 -623898124
-767495083 -569522034
-767495083 -530772804
-767495083 -516786882
-767495083 -493390233
-767495083 -462696998
-767495083 -428963100
-767495083 -422754805
-767495083 -412108253
-767495083 -408994013
-767495083 -378058817
-767495083 -338135102
-767495083 -313082370
-767495083 -295116600
-767495083 -183343428
-767495083 -139902020
-767495083 -73258143
-767495083 -68194612
-767495083 -787635
-767495083 18155873
-767495083 78205517
-767495083 129995399
-767495083 256818365
-767495083 364507409
-767495083 367346261
-767495083 461346037
-767495083 511811624
-767495083 608380668
-767495083 691661180
-767495083 696124702
-767495083 711119618
-767495083 712257757
-767495083 748189669
-767495083 781965806
-767495083 804937557
-767495083 807270265
-767495083 839034809
-767495083 880470083
-767495083 918502848
-767495083 944965226
-767495083 958107808
-674553681 -671525124
-674553681 -643584335
-674553681 -632091857
-674553681 -628446798
-674553681 -623898124
-674553681 -569522034
-674553681 -530772804
-674553681 -516786882
-674553681 -493390233
-674553681 -462696998
-674553681 -428963100
-674553681 -422754805
-674553681 -412108253
-674553681 -408994013
-674553681 -378058817
-674553681 -338135102
-674553681 -313082370
-674553681 -295116600
-674553681 -183343428
-674553681 -139902020
-674553681 -73258143
-674553681 -68194612
-674553681 -787635
-674553681 18155873
-674553681 78205517
-674553681 129995399
-674553681 256818365
-674553681 364507409
-674553681 367346261
-674553681 461346037
-674553681 511811624
-674553681 608380668
-674553681 691661180
-674553681 696124702
-674553681 711119618
-674553681 712257757
-674553681 748189669
-674553681 781965806
-674553681 804937557
-674553681 807270265
-674553681 839034809
-674553681 880470083
-674553681 918502848
-674553681 944965226
-674553681 958107808
-671525124 -643584335
-671525124 -632091857
-671525124 -628446798
-671525124 -623898124
-671525124 -569522034
-671525124 -530772804
-671525124 -516786882
-671525124 -493390233
-671525124 -462696998
-671525124 -428963100
-671525124 -422754805
-671525124 -412108253
-671525124 -408994013
-671525124 -378058817
-671525124 -338135102
-671525124 -313082370
-671525124 -295116600
-671525124 -183343428
-671525124 -139902020
-671525124 -73258143
-671525124 -68194612
-671525124 -787635
-671525124 18155873
-671525124 78205517
-671525124 129995399
-671525124 256818365
-671525124 364507409
-671525124 367346261
-671525124 461346037
-671525124 511811624
-671525124 608380668
-671525124 691661180
-671525124 696124702
-671525124 711119618
-671525124 712257757
-671525124 748189669
-671525124 781965806
-671525124 804937557
-671525124 807270265
-671525124 839034809
-671525124 880470083
-671525124 918502848
-671525124 944965226
-671525124 958107808
-643584335 -632091857
-643584335 -628446798
-643584335 -623898124
-643584335 -569522034
-643584335 -530772804
-643584335 -516786882
-643584335 -493390233
-643584335 -462696998
-643584335 -428963100
-643584335 -422754805
-643584335 -412108253
-643584335 -408994013
-643584335 -378058817
-643584335 -338135102
-643584335 -313082370
-643584335 -295116600
-643584335 -183343428
-643584335 -139902020
-643584335 -73258143
-643584335 -68194612
-643584335 -787635
-643584335 18155873
-643584335 78205517
-643584335 129995399
-643584335 256818365
-643584335 364507409
-643584335 367346261
-643584335 461346037
-643584335 511811624
-643584335 608380668
-643584335 691661180
-643584335 696124702
-643584335 711119618
-643584335 712257757
-643584335 748189669
-643584335 781965806
-643584335 804937557
-643584335 807270265
-643584335 839034809
-643584335 880470083
-643584335 918502848
-643584335 944965226
-643584335 958107808
-632091857 -628446798
-632091857 -623898124
-632091857 -569522034
-632091857 -530772804
-632091857 -516786882
-632091857 -493390233
-632091857 -462696998
-632091857 -428963100
-632091857 -422754805
-632091857 -412108253
-632091857 -408994013
-632091857 -378058817
-632091857 -338135102
-632091857 -313082370
-632091857 -295116600
-632091857 -183343428
-632091857 -139902020
-632091857 -73258143
-632091857 -68194612
-632091857 -787635
-632091857 18155873
-632091857 78205517
-632091857 129995399
-632091857 256818365
-632091857 364507409
-632091857 367346261
-632091857 461346037
-632091857 511811624
-632091857 608380668
-632091857 691661180
-632091857 696124702
-632091857 711119618
-632091857 712257757
-632091857 748189669
-632091857 781965806
-632091857 804937557
-632091857 807270265
-632091857 839034809
-632091857 880470083
-632091857 918502848
-632091857 944965226
-632091857 958107808
-628446798 -623898124
-628446798 -569522034
-628446798 -530772804
-628446798 -516786882
-628446798 -493390233
-628446798 -462696998
-628446798 -428963100
-628446798 -422754805
-628446798 -412108253
-628446798 -408994013
-628446798 -378058817
-628446798 -338135102
-628446798 -313082370
-628446798 -295116600
-628446798 -183343428
-628446798 -139902020
-628446798 -73258143
-628446798 -68194612
-628446798 -787635
-628446798 18155873
-628446798 78205517
-628446798 129995399
-628446798 256818365
-628446798 364507409
-628446798 367346261
-628446798 461346037
-628446798 511811624
-628446798 608380668
-628446798 691661180
-628446798 696124702
-628446798 711119618
-628446798 712257757
-628446798 748189669
-628446798 781965806
-628446798 804937557
-628446798 807270265
-628446798 839034809
-628446798 880470083
-628446798 918502848
-628446798 944965226
-628446798 958107808
-623898124 -569522034
-623898124 -530772804
-623898124 -516786882
-623898124 -493390233
-623898124 -462696998
-623898124 -428963100
-623898124 -422754805
-623898124 -412108253
-623898124 -408994013
-623898124 -378058817
-623898124 -338135102
-623898124 -313082370
-623898124 -295116600
-623898124 -183343428
-623898124 -139902020
-623898124 -73258143
-623898124 -68194612
-623898124 -787635
-623898124 18155873
-623898124 78205517
-623898124 129995399
-623898124 256818365
-623898124 364507409
-623898124 367346261
-623898124 461346037
-623898124 511811624
-623898124 608380668
-623898124 691661180
-623898124 696124702
-623898124 711119618
-623898124 712257757
-623898124 748189669
-623898124 781965806
-623898124 804937557
-623898124 807270265
-623898124 839034809
-623898124 880470083
-623898124 918502848
-623898124 944965226
-623898124 958107808
-569522034 -530772804
-569522034 -516786882
-569522034 -493390233
-569522034 -462696998
-569522034 -428963100
-569522034 -422754805
-569522034 -412108253
-569522034 -408994013
-569522034 -378058817
-569522034 -338135102
-569522034 -313082370
-569522034 -295116600
-569522034 -183343428
-569522034 -139902020
-569522034 -73258143
-569522034 -68194612
-569522034 -787635
-569522034 18155873
-569522034 78205517
-569522034 129995399
-569522034 256818365
-569522034 364507409
-569522034 367346261
-569522034 461346037
-569522034 511811624
-569522034 608380668
-569522034 691661180
-569522034 696124702
-569522034 711119618
-569522034 712257757
-569522034 748189669
-569522034 781965806
-569522034 804937557
-569522034 807270265
-569522034 839034809
-569522034 880470083
-569522034 918502848
-569522034 944965226
-569522034 958107808
-530772804 -516786882
-530772804 -493390233
-530772804 -462696998
-530772804 -428963100
-530772804 -422754805
-530772804 -412108253
-530772804 -408994013
-530772804 -378058817
-530772804 -338135102
-530772804 -313082370
-530772804 -295116600
-530772804 -183343428
-530772804 -139902020
-530772804 -73258143
-530772804 -68194612
-530772804 -787635
-530772804 18155873
-530772804 78205517
-530772804 129995399
-530772804 256818365
-530772804 364507409
-530772804 367346261
-530772804 461346037
-530772804 511811624
-530772804 608380668
-530772804 691661180
-530772804 696124702
-530772804 711119618
-530772804 712257757
-530772804 748189669
-530772804 781965806
-530772804 804937557
-530772804 807270265
-530772804 839034809
-530772804 880470083
-530772804 918502848
-530772804 944965226
-530772804 958107808
-516786882 -493390233
-516786882 -462696998
-516786882 -428963100
-516786882 -422754805
-516786882 -412108253
-516786882 -408994013
-516786882 -378058817
-516786882 -338135102
-516786882 -313082370
-516786882 -295116600
-516786882 -183343428
-516786882 -139902020
-516786882 -73258143
-516786882 -68194612
-516786882 -787635
-516786882 18155873
-516786882 78205517
-516786882 129995399
-516786882 256818365
-516786882 364507409
-516786882 367346261
-516786882 461346037
-516786882 511811624
-516786882 608380668
-516786882 691661180
-516786882 696124702
-516786882 711119618
-516786882 712257757
-516786882 748189669
-516786882 781965806
-516786882 804937557
-516786882 807270265
-516786882 839034809
-516786882 880470083
-516786882 918502848
-516786882 944965226
-516786882 958107808
-493390233 -462696998
-493390233 -428963100
-493390233 -422754805
-493390233 -412108253
-493390233 -408994013
-493390233 -378058817
-493390233 -338135102
-493390233 -313082370
-493390233 -295116600
-493390233 -183343428
-493390233 -139902020
-493390233 -73258143
-493390233 -68194612
-493390233 -787635
-493390233 18155873
-493390233 78205517
-493390233 129995399
-493390233 256818365
-493390233 364507409
-493390233 367346261
-493390233 461346037
-493390233 511811624
-493390233 608380668
-493390233 691661180
-493390233 696124702
-493390233 711119618
-493390233 712257757
-493390233 748189669
-493390233 781965806
-493390233 804937557
-493390233 807270265
-493390233 839034809
-493390233 880470083
-493390233 918502848
-493390233 944965226
-493390233 958107808
-462696998 -428963100
-462696998 -422754805
-462696998 -412108253
-462696998 -408994013
-462696998 -378058817
-462696998 -338135102
-462696998 -313082370
-462696998 -295116600
-462696998 -183343428
-462696998 -139902020
-462696998 -73258143
-462696998 -68194612
-462696998 -787635
-462696998 18155873
-462696998 78205517
-462696998 129995399
-462696998 256818365
-462696998 364507409
-462696998 367346261
-462696998 461346037
-462696998 511811624
-462696998 608380668
-462696998 691661180
-462696998 696124702
-462696998 711119618
-462696998 712257757
-462696998 748189669
-462696998 781965806
-462696998 804937557
-462696998 807270265
-462696998 839034809
-462696998 880470083
-462696998 918502848
-462696998 944965226
-462696998 958107808
-428963100 -422754805
-428963100 -412108253
-428963100 -408994013
-428963100 -378058817
-428963100 -338135102
-428963100 -313082370
-428963100 -295116600
-428963100 -183343428
-428963100 -139902020
-428963100 -73258143
-428963100 -68194612
-428963100 -787635
-428963100 18155873
-428963100 78205517
-428963100 129995399
-428963100 256818365
-428963100 364507409
-428963100 367346261
-428963100 461346037
-428963100 511811624
-428963100 608380668
-428963100 691661180
-428963100 696124702
-428963100 711119618
-428963100 712257757
-428963100 748189669
-428963100 781965806
-428963100 804937557
-428963100 807270265
-428963100 839034809
-428963100 880470083
-428963100 918502848
-428963100 944965226
-428963100 958107808
-422754805 -412108253
-422754805 -408994013
-422754805 -378058817
-422754805 -338135102
-422754805 -313082370
-422754805 -295116600
-422754805 -183343428
-422754805 -139902020
-422754805 -73258143
-422754805 -68194612
-422754805 -787635
-422754805 18155873
-422754805 78205517
-422754805 129995399
-422754805 256818365
-422754805 364507409
-422754805 367346261
-422754805 461346037
-422754805 511811624
-422754805 608380668
-422754805 691661180
-422754805 696124702
-422754805 711119618
-422754805 712257757
-422754805 748189669
-422754805 781965806
-422754805 804937557
-422754805 807270265
-422754805 839034809
-422754805 880470083
-422754805 918502848
-422754805 944965226
-422754805 958107808
-412108253 -408994013
-412108253 -378058817
-412108253 -338135102
-412108253 -313082370
-412108253 -295116600
-412108253 -183343428
-412108253 -139902020
-412108253 -73258143
-412108253 -68194612
-412108253 -787635
-412108253 18155873
-412108253 78205517
-412108253 129995399
-412108253 256818365
-412108253 364507409
-412108253 367346261
-412108253 461346037
-412108253 511811624
-412108253 608380668
-412108253 691661180
-412108253 696124702
-412108253 711119618
-412108253 712257757
-412108253 748189669
-412108253 781965806
-412108253 804937557
-412108253 807270265
-412108253 839034809
-412108253 880470083
-412108253 918502848
-412108253 944965226
-412108253 958107808
-408994013 -378058817
-408994013 -338135102
-408994013 -313082370
-408994013 -295116600
-408994013 -183343428
-408994013 -139902020
-408994013 -73258143
-408994013 -68194612
-408994013 -787635
-408994013 18155873
-408994013 78205517
-408994013 129995399
-408994013 256818365
-408994013 364507409
-408994013 367346261
-408994013 461346037
-408994013 511811624
-408994013 608380668
-408994013 691661180
-408994013 696124702
-408994013 711119618
-408994013 712257757
-408994013 748189669
-408994013 781965806
-408994013 804937557
-408994013 807270265
-408994013 839034809
-408994013 880470083
-408994013 918502848
-408994013 944965226
-408994013 958107808
-378058817 -338135102
-378058817 -313082370
-378058817 -295116600
-378058817 -183343428
-378058817 -139902020
-378058817 -73258143
-378058817 -68194612
-378058817 -787635
-378058817 18155873
-378058817 78205517
-378058817 129995399
-378058817 256818365
-378058817 364507409
-378058817 367346261
-378058817 461346037
-378058817 511811624
-378058817 608380668
-378058817 691661180
-378058817 696124702
-378058817 711119618
-378058817 712257757
-378058817 748189669
-378058817 781965806
-378058817 804937557
-378058817 807270265
-378058817 839034809
-378058817 880470083
-378058817 918502848
-378058817 944965226
-378058817 958107808
-338135102 -313082370
-338135102 -295116600
-338135102 -183343428
-338135102 -139902020
-338135102 -73258143
-338135102 -68194612
-338135102 -787635
-338135102 18155873
-338135102 78205517
-338135102 129995399
-338135102 256818365
-338135102 364507409
-338135102 367346261
-338135102 461346037
-338135102 511811624
-338135102 608380668
-338135102 691661180
-338135102 696124702
-338135102 711119618
-338135102 712257757
-338135102 748189669
-338135102 781965806
-338135102 804937557
-338135102 807270265
-338135102 839034809
-338135102 880470083
-338135102 918502848
-338135102 944965226
-338135102 958107808
-313082370 -295116600
-313082370 -183343428
-313082370 -139902020
-313082370 -73258143
-313082370 -68194612
-313082370 -787635
-313082370 18155873
-313082370 78205517
-313082370 129995399
-313082370 256818365
-313082370 364507409
-313082370 367346261
-313082370 461346037
-313082370 511811624
-313082370 608380668
-313082370 691661180
-313082370 696124702
-313082370 711119618
-313082370 712257757
-313082370 748189669
-313082370 781965806
-313082370 804937557
-313082370 807270265
-313082370 839034809
-313082370 880470083
-313082370 918502848
-313082370 944965226
-313082370 958107808
-295116600 -183343428
-295116600 -139902020
-295116600 -73258143
-295116600 -68194612
-295116600 -787635
-295116600 18155873
-295116600 78205517
-295116600 129995399
-295116600 256818365
-295116600 364507409
-295116600 367346261
-295116600 461346037
-295116600 511811624
-295116600 608380668
-295116600 691661180
-295116600 696124702
-295116600 711119618
-295116600 712257757
-295116600 748189669
-295116600 781965806
-295116600 804937557
-295116600 807270265
-295116600 839034809
-295116600 880470083
-295116600 918502848
-295116600 944965226
-295116600 958107808
-183343428 -139902020
-183343428 -73258143
-183343428 -68194612
-183343428 -787635
-183343428 18155873
-183343428 78205517
-183343428 129995399
-183343428 256818365
-183343428 364507409
-183343428 367346261
-183343428 461346037
-183343428 511811624
-183343428 608380668
-183343428 691661180
-183343428 696124702
-183343428 711119618
-183343428 712257757
-183343428 748189669
-183343428 781965806
-183343428 804937557
-183343428 807270265
-183343428 839034809
-183343428 880470083
-183343428 918502848
-183343428 944965226
-183343428 958107808
-139902020 -73258143
-139902020 -68194612
-139902020 -787635
-139902020 18155873
-139902020 78205517
-139902020 129995399
-139902020 256818365
-139902020 364507409
-139902020 367346261
-139902020 461346037
-139902020 511811624
-139902020 608380668
-139902020 691661180
-139902020 696124702
-139902020 711119618
-139902020 712257757
-139902020 748189669
-139902020 781965806
-139902020 804937557
-139902020 807270265
-139902020 839034809
-139902020 880470083
-139902020 918502848
-139902020 944965226
-139902020 958107808
-73258143 -68194612
-73258143 -787635
-73258143 18155873
-73258143 78205517
-73258143 129995399
-73258143 256818365
-73258143 364507409
-73258143 367346261
-73258143 461346037
-73258143 511811624
-73258143 608380668
-73258143 691661180
-73258143 696124702
-73258143 711119618
-73258143 712257757
-73258143 748189669
-73258143 781965806
-73258143 804937557
-73258143 807270265
-73258143 839034809
-73258143 880470083
-73258143 918502848
-73258143 944965226
-73258143 958107808
-68194612 -787635
-68194612 18155873
-68194612 78205517
-68194612 129995399
-68194612 256818365
-68194612 364507409
-68194612 367346261
-68194612 461346037
-68194612 511811624
-68194612 608380668
-68194612 691661180
-68194612 696124702
-68194612 711119618
-68194612 712257757
-68194612 748189669
-68194612 781965806
-68194612 804937557
-68194612 807270265
-68194612 839034809
-68194612 880470083
-68194612 918502848
-68194612 944965226
-68194612 958107808
-787635 18155873
-787635 78205517
-787635 129995399
-787635 256818365
-787635 364507409
-787635 367346261
-787635 461346037
-787635 511811624
-787635 608380668
-787635 691661180
-787635 696124702
-787635 711119618
-787635 712257757
-787635 748189669
-787635 781965806
-787635 804937557
-787635 807270265
-787635 839034809
-787635 880470083
-787635 918502848
-787635 944965226
-787635 958107808
18155873 78205517
18155873 129995399
18155873 256818365
18155873 364507409
18155873 367346261
18155873 461346037
18155873 511811624
18155873 608380668
18155873 691661180
18155873 696124702
18155873 711119618
18155873 712257757
18155873 748189669
18155873 781965806
18155873 804937557
18155873 807270265
18155873 839034809
18155873 880470083
18155873 918502848
18155873 944965226
18155873 958107808
78205517 129995399
78205517 256818365
78205517 364507409
78205517 367346261
78205517 461346037
78205517 511811624
78205517 608380668
78205517 691661180
78205517 696124702
78205517 711119618
78205517 712257757
78205517 748189669
78205517 781965806
78205517 804937557
78205517 807270265
78205517 839034809
78205517 880470083
78205517 918502848
78205517 944965226
78205517 958107808
129995399 256818365
129995399 364507409
129995399 367346261
129995399 461346037
129995399 511811624
129995399 608380668
129995399 691661180
129995399 696124702
129995399 711119618
129995399 712257757
129995399 748189669
129995399 781965806
129995399 804937557
129995399 807270265
129995399 839034809
129995399 880470083
129995399 918502848
129995399 944965226
129995399 958107808
256818365 364507409
256818365 367346261
256818365 461346037
256818365 511811624
256818365 608380668
256818365 691661180
256818365 696124702
256818365 711119618
256818365 712257757
256818365 748189669
256818365 781965806
256818365 804937557
256818365 807270265
256818365 839034809
256818365 880470083
256818365 918502848
256818365 944965226
256818365 958107808
364507409 367346261
364507409 461346037
364507409 511811624
364507409 608380668
364507409 691661180
364507409 696124702
364507409 711119618
364507409 712257757
364507409 748189669
364507409 781965806
364507409 804937557
364507409 807270265
364507409 839034809
364507409 880470083
364507409 918502848
364507409 944965226
364507409 958107808
367346261 461346037
367346261 511811624
367346261 608380668
367346261 691661180
367346261 696124702
367346261 711119618
367346261 712257757
367346261 748189669
367346261 781965806
367346261 804937557
367346261 807270265
367346261 839034809
367346261 880470083
367346261 918502848
367346261 944965226
367346261 958107808
461346037 511811624
461346037 608380668
461346037 691661180
461346037 696124702
461346037 711119618
461346037 712257757
461346037 748189669
461346037 781965806
461346037 804937557
461346037 807270265
461346037 839034809
461346037 880470083
461346037 918502848
461346037 944965226
461346037 958107808
511811624 608380668
511811624 691661180
511811624 696124702
511811624 711119618
511811624 712257757
511811624 748189669
511811624 781965806
511811624 804937557
511811624 807270265
511811624 839034809
511811624 880470083
511811624 918502848
511811624 944965226
511811624 958107808
608380668 691661180
608380668 696124702
608380668 711119618
608380668 712257757
608380668 748189669
608380668 781965806
608380668 804937557
608380668 807270265
608380668 839034809
608380668 880470083
608380668 918502848
608380668 944965226
608380668 958107808
691661180 696124702
691661180 711119618
691661180 712257757
691661180 748189669
691661180 781965806
691661180 804937557
691661180 807270265
691661180 839034809
691661180 880470083
691661180 918502848
691661180 944965226
691661180 958107808
696124702 711119618
696124702 712257757
696124702 748189669
696124702 781965806
696124702 804937557
696124702 807270265
696124702 839034809
696124702 880470083
696124702 918502848
696124702 944965226
696124702 958107808
711119618 712257757
711119618 748189669
711119618 781965806
711119618 804937557
711119618 807270265
711119618 839034809
711119618 880470083
711119618 918502848
711119618 944965226
711119618 958107808
712257757 748189669
712257757 781965806
712257757 804937557
712257757 807270265
712257757 839034809
712257757 880470083
712257757 918502848
712257757 944965226
712257757 958107808
748189669 781965806
748189669 804937557
748189669 807270265
748189669 839034809
748189669 880470083
748189669 918502848
748189669 944965226
748189669 958107808
781965806 804937557
781965806 807270265
781965806 839034809
781965806 880470083
781965806 918502848
781965806 944965226
781965806 958107808
804937557 807270265
804937557 839034809
804937557 880470083
804937557 918502848
804937557 944965226
804937557 958107808
807270265 839034809
807270265 880470083
807270265 918502848
807270265 944965226
807270265 958107808
839034809 880470083
839034809 918502848
839034809 944965226
839034809 958107808
880470083 918502848
880470083 944965226
880470083 958107808
918502848 944965226
918502848 958107808
944965226 958107808

0
0
