G 360
28 28
26 28
26 27
28 29
28 27
26 29
24 28
22 28
22 27
24 29
24 27
22 29
18 28
16 28
16 27
18 29
18 27
16 29
14 28
12 28
12 27
14 29
14 27
12 29
8 28
6 28
6 27
8 29
8 27
6 29
4 28
2 28
2 27
4 29
4 27
2 29
28 26
26 26
26 25
28 25
24 26
22 26
22 25
24 25
18 26
16 26
16 25
18 25
14 26
12 26
12 25
14 25
8 26
6 26
6 25
8 25
4 26
2 26
2 25
4 25
28 24
26 24
26 23
28 23
24 24
22 24
22 23
24 23
18 24
16 24
16 23
18 23
14 24
12 24
12 23
14 23
8 24
6 24
6 23
8 23
4 24
2 24
2 23
4 23
28 22
26 22
26 21
28 21
24 22
22 22
22 21
24 21
18 22
16 22
16 21
18 21
14 22
12 22
12 21
14 21
8 22
6 22
6 21
8 21
4 22
2 22
2 21
4 21
28 20
26 20
26 19
28 19
24 20
22 20
22 19
24 19
18 20
16 20
16 19
18 19
14 20
12 20
12 19
14 19
8 20
6 20
6 19
8 19
4 20
2 20
2 19
4 19
28 18
26 18
26 17
28 17
24 18
22 18
22 17
24 17
18 18
16 18
16 17
18 17
14 18
12 18
12 17
14 17
8 18
6 18
6 17
8 17
4 18
2 18
2 17
4 17
28 16
26 16
26 15
28 15
24 16
22 16
22 15
24 15
18 16
16 16
16 15
18 15
14 16
12 16
12 15
14 15
8 16
6 16
6 15
8 15
4 16
2 16
2 15
4 15
28 14
26 14
26 13
28 13
24 14
22 14
22 13
24 13
18 14
16 14
16 13
18 13
14 14
12 14
12 13
14 13
8 14
6 14
6 13
8 13
4 14
2 14
2 13
4 13
28 12
26 12
26 11
28 11
24 12
22 12
22 11
24 11
18 12
16 12
16 11
18 11
14 12
12 12
12 11
14 11
8 12
6 12
6 11
8 11
4 12
2 12
2 11
4 11
28 10
26 10
26 9
28 9
24 10
22 10
22 9
24 9
18 10
16 10
16 9
18 9
14 10
12 10
12 9
14 9
8 10
6 10
6 9
8 9
4 10
2 10
2 9
4 9
28 8
26 8
26 7
28 7
24 8
22 8
22 7
24 7
18 8
16 8
16 7
18 7
14 8
12 8
12 7
14 7
8 8
6 8
6 7
8 7
4 8
2 8
2 7
4 7
28 6
26 6
26 5
28 5
24 6
22 6
22 5
24 5
18 6
16 6
16 5
18 5
14 6
12 6
12 5
14 5
8 6
6 6
6 5
8 5
4 6
2 6
2 5
4 5
28 4
26 4
26 3
28 3
24 4
22 4
22 3
24 3
18 4
16 4
16 3
18 3
14 4
12 4
12 3
14 3
8 4
6 4
6 3
8 3
4 4
2 4
2 3
4 3
28 2
26 2
26 1
28 1
26 0
28 0
24 2
22 2
22 1
24 1
22 0
24 0
18 2
16 2
16 1
18 1
16 0
18 0
14 2
12 2
12 1
14 1
12 0
14 0
8 2
6 2
6 1
8 1
6 0
8 0
4 2
2 2
2 1
4 1
2 0
4 0
