100
9381 2752
1187 9484
4318 352
3876 9724
6236 6918
7973 6558
7309 5753
9944 193
2654 4992
3460 7685
7919 649
8425 5662
3241 1249
3529 7848
4456 1261
1567 5854
3216 2009
872 670
9333 544
4117 3967
9710 693
2280 731
3698 4424
5244 6804
9976 9208
3984 2583
5245 8226
2881 400
3850 6483
5528 6873
499 8391
7172 9300
4767 2559
6962 6762
3456 9801
6271 1133
2125 2381
6723 9024
2328 1953
8867 1052
2893 1432
9156 9842
1745 8255
779 1387
7650 589
797 457
6978 7657
4322 7257
4142 7332
9771 5958
9311 7792
4993 6876
7757 6
5401 6
2894 5114
8941 992
3817 7588
1562 2832
6743 2111
7869 1278
2475 8787
5895 7553
3138 5879
5749 50
7188 1876
1416 2397
6652 7007
3057 5629
2741 4236
68 1733
2267 9040
7348 2887
6182 2558
1266 3979
8456 8090
656 6797
6687 4782
4811 7412
1713 7607
2568 8452
1467 4938
444 289
1498 7711
4083 7746
2193 7863
9328 1881
663 2619
8385 5753
4167 2562
5586 9805
4714 2285
8533 9439
6687 2974
5550 8333
8824 5721
847 5801
9008 4712
1325 2883
3868 6393
2194 5096
