F 640
26 21
38 23
18 17
26 30
18 26
26 39
18 35
8 0
8 9
8 18
4 2
34 3
2 32
22 10
34 12
22 19
34 21
14 15
34 30
22 28
14 24
22 37
14 33
38 0
38 9
26 7
18 3
26 16
38 18
18 12
26 25
18 21
18 30
8 4
6 34
2 27
34 7
22 5
2 36
14 1
34 16
22 14
14 10
22 23
34 25
14 19
22 32
14 28
14 37
26 2
38 4
36 34
26 11
18 7
26 20
28 39
18 16
6 29
6 38
2 13
2 22
22 0
34 2
2 31
34 11
22 9
14 5
22 18
14 14
22 27
14 23
14 32
36 29
26 6
28 25
18 2
36 38
28 34
18 11
6 15
6 24
6 33
2 8
2 17
2 26
22 4
34 6
2 35
32 36
14 0
22 13
24 32
14 9
14 18
16 37
36 15
36 24
26 1
28 20
36 33
28 29
28 38
6 10
6 19
6 28
6 37
2 3
2 12
2 21
32 22
2 30
32 31
22 8
24 27
14 4
24 36
36 1
16 32
36 10
28 6
36 19
28 15
36 28
28 24
36 37
28 33
6 5
6 14
6 23
6 32
2 7
32 8
12 39
2 16
32 17
24 13
32 26
24 22
32 35
16 18
24 31
16 27
36 5
16 36
28 1
36 14
28 10
36 23
28 19
36 32
28 28
28 37
6 0
6 9
6 18
12 25
2 2
32 3
12 34
2 11
4 30
32 12
24 8
32 21
4 39
24 17
32 30
16 13
24 26
32 39
16 22
24 35
36 0
16 31
36 9
28 5
36 18
28 14
28 23
6 4
6 13
8 32
12 20
12 29
32 7
4 25
12 38
24 3
32 16
4 34
24 12
32 25
16 8
24 21
16 17
24 30
16 26
36 4
16 35
28 0
36 13
38 32
28 9
28 18
8 27
8 36
12 6
12 15
4 11
12 24
32 2
4 20
12 33
32 11
4 29
24 7
32 20
16 3
4 38
24 16
34 39
16 12
24 25
16 21
16 30
38 27
28 4
38 36
26 34
18 39
8 13
8 22
8 31
12 1
12 10
4 6
12 19
4 15
12 28
32 6
4 24
12 37
24 2
4 33
34 34
24 11
16 7
16 16
38 13
38 22
26 29
38 31
18 25
26 38
18 34
8 8
8 17
8 26
8 35
12 5
4 1
12 14
4 10
12 23
32 1
4 19
34 20
4 28
34 29
24 6
16 2
22 36
34 38
38 8
26 15
38 17
26 24
38 26
18 20
26 33
38 35
18 29
18 38
8 3
8 12
8 21
8 30
12 0
12 9
4 5
4 14
34 15
34 24
22 22
22 31
34 33
14 27
14 36
38 3
38 12
26 10
18 6
26 19
38 21
18 15
26 28
38 30
18 24
26 37
18 33
8 7
8 16
12 4
4 0
34 1
4 9
34 10
2 39
22 17
34 19
14 13
34 28
22 26
14 22
22 35
34 37
14 31
38 7
26 5
18 1
26 14
38 16
18 10
26 23
18 19
26 32
18 28
18 37
8 2
8 11
2 25
22 3
34 5
2 34
22 12
34 14
14 8
22 21
34 23
14 17
22 30
14 26
22 39
14 35
26 0
38 2
38 11
26 9
18 5
26 18
18 14
18 23
6 27
6 36
2 20
34 0
2 29
22 7
34 9
2 38
14 3
22 16
34 18
14 12
22 25
14 21
14 30
36 27
26 4
18 0
36 36
26 13
28 32
18 9
18 18
6 22
6 31
2 6
2 15
2 24
22 2
34 4
2 33
32 34
22 11
14 7
22 20
24 39
14 16
14 25
36 22
36 31
28 27
18 4
28 36
6 8
6 17
6 26
6 35
2 1
2 10
2 19
2 28
32 29
22 6
2 37
32 38
14 2
24 34
14 11
36 8
16 39
36 17
28 13
36 26
28 22
36 35
28 31
6 3
6 12
6 21
6 30
6 39
2 5
2 14
32 15
2 23
32 24
22 1
24 20
32 33
24 29
14 6
16 25
24 38
36 3
16 34
36 12
28 8
36 21
28 17
36 30
28 26
36 39
28 35
6 7
6 16
6 25
2 0
12 32
2 9
32 10
2 18
32 19
4 37
24 15
32 28
16 11
24 24
32 37
16 20
24 33
16 29
36 7
16 38
28 3
36 16
28 12
36 25
28 21
28 30
6 2
6 11
6 20
8 39
12 18
12 27
2 4
32 5
4 23
12 36
24 1
32 14
4 32
24 10
32 23
16 6
24 19
32 32
16 15
24 28
16 24
24 37
36 2
16 33
36 11
28 7
36 20
38 39
38 14
28 16
6 6
8 25
8 34
12 13
12 22
32 0
4 18
12 31
32 9
4 27
24 5
32 18
16 1
4 36
24 14
32 27
16 10
24 23
16 19
16 28
36 6
38 25
28 2
38 34
28 11
6 1
8 20
8 29
8 38
12 8
4 4
12 17
4 13
12 26
4 22
32 4
12 35
24 0
32 13
34 32
4 31
24 9
16 5
24 18
16 14
16 23
38 20
26 27
38 29
26 36
38 38
18 32
8 6
8 15
8 24
8 33
12 3
12 12
4 8
12 21
4 17
12 30
4 26
34 27
24 4
4 35
22 34
16 0
34 36
16 9
14 39
38 6
38 15
26 22
38 24
26 31
38 33
18 27
18 36
8 1
8 10
8 19
8 28
8 37
12 7
4 3
12 16
4 12
34 13
4 21
34 22
22 29
34 31
22 38
16 4
14 34
38 1
26 8
38 10
26 17
38 19
18 13
38 28
26 26
18 22
26 35
38 37
18 31
8 5
8 14
8 23
12 2
12 11
4 7
34 8
4 16
22 15
34 17
22 24
34 26
14 20
22 33
34 35
14 29
14 38
26 3
38 5
26 12
18 8
