40 40
0 0 0 0 0 0 0 0 0 0 0 0 0 0 0 0 0 0 0 0 0 0 0 0 0 0 0 0 0 0 0 0 0 0 0 0 0 0 0 0
0 S 0 I 0 S 0 I 0 S 0 S 0 I 0 S 0 I 0 S 0 S 0 I 0 S 0 I 0 S 0 S 0 I 0 S 0 I 0 S
0 0 0 0 0 0 0 0 0 0 0 0 0 0 0 0 0 0 0 0 0 0 0 0 0 0 0 0 0 0 0 0 0 0 0 0 0 0 0 0
0 S 0 I 0 S 0 I 0 S 0 S 0 I 0 S 0 I 0 S 0 S 0 I 0 S 0 I 0 S 0 S 0 I 0 S 0 I 0 S
0 0 0 0 0 0 0 0 0 0 0 0 0 0 0 0 0 0 0 0 0 0 0 0 0 0 0 0 0 0 0 0 0 0 0 0 0 0 0 0
0 S 0 I 0 S 0 I 0 S 0 S 0 I 0 S 0 I 0 S 0 S 0 I 0 S 0 I 0 S 0 S 0 I 0 S 0 I 0 S
0 0 0 0 0 0 0 0 0 0 0 0 0 0 0 0 0 0 0 0 0 0 0 0 0 0 0 0 0 0 0 0 0 0 0 0 0 0 0 0
0 S 0 I 0 S 0 I 0 S 0 S 0 I 0 S 0 I 0 S 0 S 0 I 0 S 0 I 0 S 0 S 0 I 0 S 0 I 0 S
0 0 0 0 0 0 0 0 0 0 0 0 0 0 0 0 0 0 0 0 0 0 0 0 0 0 0 0 0 0 0 0 0 0 0 0 0 0 0 0
0 S 0 I 0 S 0 I 0 S 0 S 0 I 0 S 0 I 0 S 0 S 0 I 0 S 0 I 0 S 0 S 0 I 0 S 0 I 0 S
0 0 0 0 0 0 0 0 0 0 0 0 0 0 0 0 0 0 0 0 0 0 0 0 0 0 0 0 0 0 0 0 0 0 0 0 0 0 0 0
0 S 0 I 0 S 0 I 0 S 0 S 0 I 0 S 0 I 0 S 0 S 0 I 0 S 0 I 0 S 0 S 0 I 0 S 0 I 0 S
0 0 0 0 0 0 0 0 0 0 0 0 0 0 0 0 0 0 0 0 0 0 0 0 0 0 0 0 0 0 0 0 0 0 0 0 0 0 0 0
0 S 0 I 0 S 0 I 0 S 0 S 0 I 0 S 0 I 0 S 0 S 0 I 0 S 0 I 0 S 0 S 0 I 0 S 0 I 0 S
0 0 0 0 0 0 0 0 0 0 0 0 0 0 0 0 0 0 0 0 0 0 0 0 0 0 0 0 0 0 0 0 0 0 0 0 0 0 0 0
0 S 0 I 0 S 0 I 0 S 0 S 0 I 0 S 0 I 0 S 0 S 0 I 0 S 0 I 0 S 0 S 0 I 0 S 0 I 0 S
0 0 0 0 0 0 0 0 0 0 0 0 0 0 0 0 0 0 0 0 0 0 0 0 0 0 0 0 0 0 0 0 0 0 0 0 0 0 0 0
0 S 0 I 0 S 0 I 0 S 0 S 0 I 0 S 0 I 0 S 0 S 0 I 0 S 0 I 0 S 0 S 0 I 0 S 0 I 0 S
0 0 0 0 0 0 0 0 0 0 0 0 0 0 0 0 0 0 0 0 0 0 0 0 0 0 0 0 0 0 0 0 0 0 0 0 0 0 0 0
0 S 0 I 0 S 0 I 0 S 0 S 0 I 0 S 0 I 0 S 0 S 0 I 0 S 0 I 0 S 0 S 0 I 0 S 0 I 0 S
0 0 0 0 0 0 0 0 0 0 0 0 0 0 0 0 0 0 0 0 0 0 0 0 0 0 0 0 0 0 0 0 0 0 0 0 0 0 0 0
0 S 0 I 0 S 0 I 0 S 0 S 0 I 0 S 0 I 0 S 0 S 0 I 0 S 0 I 0 S 0 S 0 I 0 S 0 I 0 S
0 0 0 0 0 0 0 0 0 0 0 0 0 0 0 0 0 0 0 0 0 0 0 0 0 0 0 0 0 0 0 0 0 0 0 0 0 0 0 0
0 S 0 I 0 S 0 I 0 S 0 S 0 I 0 S 0 I 0 S 0 S 0 I 0 S 0 I 0 S 0 S 0 I 0 S 0 I 0 S
0 0 0 0 0 0 0 0 0 0 0 0 0 0 0 0 0 0 0 0 0 0 0 0 0 0 0 0 0 0 0 0 0 0 0 0 0 0 0 0
0 S 0 I 0 S 0 I 0 S 0 S 0 I 0 S 0 I 0 S 0 S 0 I 0 S 0 I 0 S 0 S 0 I 0 S 0 I 0 S
0 0 0 0 0 0 0 0 0 0 0 0 0 0 0 0 0 0 0 0 0 0 0 0 0 0 0 0 0 0 0 0 0 0 0 0 0 0 0 0
0 S 0 I 0 S 0 I 0 S 0 S 0 I 0 S 0 I 0 S 0 S 0 I 0 S 0 I 0 S 0 S 0 I 0 S 0 I 0 S
0 0 0 0 0 0 0 0 0 0 0 0 0 0 0 0 0 0 0 0 0 0 0 0 0 0 0 0 0 0 0 0 0 0 0 0 0 0 0 0
0 S 0 I 0 S 0 I 0 S 0 S 0 I 0 S 0 I 0 S 0 S 0 I 0 S 0 I 0 S 0 S 0 I 0 S 0 I 0 S
0 0 0 0 0 0 0 0 0 0 0 0 0 0 0 0 0 0 0 0 0 0 0 0 0 0 0 0 0 0 0 0 0 0 0 0 0 0 0 0
0 S 0 I 0 S 0 I 0 S 0 S 0 I 0 S 0 I 0 S 0 S 0 I 0 S 0 I 0 S 0 S 0 I 0 S 0 I 0 S
0 0 0 0 0 0 0 0 0 0 0 0 0 0 0 0 0 0 0 0 0 0 0 0 0 0 0 0 0 0 0 0 0 0 0 0 0 0 0 0
0 S 0 I 0 S 0 I 0 S 0 S 0 I 0 S 0 I 0 S 0 S 0 I 0 S 0 I 0 S 0 S 0 I 0 S 0 I 0 S
0 0 0 0 0 0 0 0 0 0 0 0 0 0 0 0 0 0 0 0 0 0 0 0 0 0 0 0 0 0 0 0 0 0 0 0 0 0 0 0
0 S 0 I 0 S 0 I 0 S 0 S 0 I 0 S 0 I 0 S 0 S 0 I 0 S 0 I 0 S 0 S 0 I 0 S 0 I 0 S
0 0 0 0 0 0 0 0 0 0 0 0 0 0 0 0 0 0 0 0 0 0 0 0 0 0 0 0 0 0 0 0 0 0 0 0 0 0 0 0
0 S 0 I 0 S 0 I 0 S 0 S 0 I 0 S 0 I 0 S 0 S 0 I 0 S 0 I 0 S 0 S 0 I 0 S 0 I 0 S
0 0 0 0 0 0 0 0 0 0 0 0 0 0 0 0 0 0 0 0 0 0 0 0 0 0 0 0 0 0 0 0 0 0 0 0 0 0 0 0
0 S 0 I 0 S 0 I 0 S 0 S 0 I 0 S 0 I 0 S 0 S 0 I 0 S 0 I 0 S 0 S 0 I 0 S 0 I 0 S
