F 151
6 0
4 13
8 14
8 3
16 16
26 8
27 24
27 14
12 9
22 23
29 2
20 18
7 12
21 20
21 7
12 26
2 15
23 1
9 4
23 9
1 22
13 10
17 3
26 9
5 12
24 19
4 18
19 7
23 11
19 18
3 7
10 15
10 26
28 17
12 17
5 14
27 16
24 21
22 4
21 21
4 25
3 13
6 20
27 18
4 9
26 27
5 5
2 7
24 23
11 27
16 26
2 25
6 26
10 5
28 18
10 16
4 10
14 24
7 25
6 14
28 8
9 24
9 14
22 12
1 26
8 2
2 11
6 1
12 15
22 15
26 19
19 20
6 5
26 24
20 11
10 24
17 26
1 5
19 4
16 23
20 23
2 16
28 0
21 23
22 1
17 6
26 25
24 22
4 11
28 16
12 16
5 13
23 14
3 11
4 19
4 8
14 9
14 23
13 15
12 8
16 1
26 26
20 2
0 2
21 15
15 5
12 24
16 3
2 13
20 4
26 28
21 4
24 14
10 6
14 17
12 27
15 23
20 21
23 10
7 11
18 9
24 20
28 24
19 19
1 18
13 24
11 7
4 22
5 11
6 6
2 6
17 16
6 21
10 14
28 1
8 24
19 10
26 29
14 8
25 19
18 6
18 4
19 22
19 23
29 24
23 7
27 10
27 8
14 15
18 16
21 1
